          0                 0     0.09545570306           0
22.82720468                 0      0.1586597334           0
22.82720468                72      0.1586597334           0
22.82720468               144      0.1586597334           0
22.82720468               216      0.1586597334           0
22.82720468               288      0.1586597334           0
41.84788494                36      0.1586597334           4
41.84788494                76      0.1586597334           1
41.84788494               116      0.1586597334           1
41.84788494               156      0.1586597334           2
41.84788494               196      0.1586597334           2
41.84788494               236      0.1586597334           3
41.84788494               276      0.1586597334           3
41.84788494               316      0.1586597334           4
41.84788494               356      0.1586597334           4
61.32908726                11      0.1586597334           4
61.32908726                41      0.1586597334           4
61.32908726                71      0.1586597334           1
61.32908726               101      0.1586597334           1
61.32908726               131      0.1586597334           1
61.32908726               161      0.1586597334           2
61.32908726               191      0.1586597334           2
61.32908726               221      0.1586597334           2
61.32908726               251      0.1586597334           3
61.32908726               281      0.1586597334           3
61.32908726               311      0.1586597334           3
61.32908726               341      0.1586597334           4
 80.5530332       15.61538462      0.1586597334           4
 80.5530332       43.30769231      0.1586597334           4
 80.5530332                71      0.1586597334           1
 80.5530332       98.69230769      0.1586597334           1
 80.5530332       126.3846154      0.1586597334           1
 80.5530332       154.0769231      0.1586597334           2
 80.5530332       181.7692308      0.1586597334           2
 80.5530332       209.4615385      0.1586597334           2
 80.5530332       237.1538462      0.1586597334           3
 80.5530332       264.8461538      0.1586597334           3
 80.5530332       292.5384615      0.1586597334           3
 80.5530332       320.2307692      0.1586597334           4
 80.5530332       347.9230769      0.1586597334           4
 99.4469668       1.769230769      0.1586597334           8
 99.4469668       29.46153846      0.1586597334           8
 99.4469668       57.15384615      0.1586597334           5
 99.4469668       84.84615385      0.1586597334           5
 99.4469668       112.5384615      0.1586597334           5
 99.4469668       140.2307692      0.1586597334           6
 99.4469668       167.9230769      0.1586597334           6
 99.4469668       195.6153846      0.1586597334           6
 99.4469668       223.3076923      0.1586597334           6
 99.4469668               251      0.1586597334           7
 99.4469668       278.6923077      0.1586597334           7
 99.4469668       306.3846154      0.1586597334           7
 99.4469668       334.0769231      0.1586597334           8
118.6709127                11      0.1586597334           8
118.6709127                41      0.1586597334           8
118.6709127                71      0.1586597334           5
118.6709127               101      0.1586597334           5
118.6709127               131      0.1586597334           5
118.6709127               161      0.1586597334           6
118.6709127               191      0.1586597334           6
118.6709127               221      0.1586597334           6
118.6709127               251      0.1586597334           7
118.6709127               281      0.1586597334           7
118.6709127               311      0.1586597334           7
118.6709127               341      0.1586597334           8
138.1521151                16      0.1586597334           8
138.1521151                56      0.1586597334           5
138.1521151                96      0.1586597334           5
138.1521151               136      0.1586597334           6
138.1521151               176      0.1586597334           6
138.1521151               216      0.1586597334           6
138.1521151               256      0.1586597334           7
138.1521151               296      0.1586597334           7
138.1521151               336      0.1586597334           8
157.1727953                36      0.1586597334           9
157.1727953               108      0.1586597334           9
157.1727953               180      0.1586597334           9
157.1727953               252      0.1586597334           9
157.1727953               324      0.1586597334           9
        180                 0     0.09545570306           9
